0 0.7427884615384616 0.5552884615384616 0.14543269230769232 0.21394230769230768
0 0.31971153846153844 0.5552884615384616 0.14543269230769232 0.21394230769230768
0 0.5877403846153846 0.5625 0.15625 0.22956730769230768
0 0.4543269230769231 0.5793269230769231 0.15264423076923078 0.22956730769230768
0 0.7067307692307693 0.21875 0.1502403846153846 0.21875
0 0.42788461538461536 0.22596153846153846 0.1346153846153846 0.21394230769230768
0 0.28365384615384615 0.23197115384615385 0.14543269230769232 0.2247596153846154
0 0.5673076923076923 0.23557692307692307 0.14543269230769232 0.21875
0 0.6105769230769231 0.37740384615384615 0.13701923076923078 0.18629807692307693
0 0.40024038461538464 0.38221153846153844 0.15264423076923078 0.22956730769230768
0 0.6742788461538461 0.38461538461538464 0.1502403846153846 0.2247596153846154
0 0.33774038461538464 0.4074519230769231 0.14543269230769232 0.20192307692307693